0 0 0 0 3 0 0 0 0 0 0 0 0 3 0 0 0 0 3 0 0 0 0 0 0 0
1 0 0 0 0 0 3 0 3 0 0 0 0 0 0 0 0 0 3 0 0 0 0 0 3 3
2 1 3 1 0 1 1 0 1 0 0 1 0 1 0 0 1 3 1 3 1 1 0 1 0 3
3 3 0 0 0 0 0 0 3 0 0 0 3 0 0 0 0 0 0 0 0 0 0 0 0 3
4 0 0 0 0 3 0 0 0 0 3 0 0 0 0 0 1 0 0 0 0 0 0 0 3 0
5 1 0 0 1 3 0 0 3 0 0 0 1 3 0 0 3 1 0 0 0 0 0 0 0 0
6 0 0 0 0 0 0 0 0 0 0 0 0 0 0 1 0 0 0 0 0 0 0 0 3 0
7 0 0 0 0 0 0 0 0 3 0 0 0 0 0 0 0 3 0 1 0 0 0 0 0 0
8 0 1 0 0 0 1 1 0 3 0 0 1 0 1 3 0 0 0 0 0 0 3 3 0 0
9 0 0 1 0 0 0 0 0 0 0 0 0 0 0 0 0 3 1 0 0 0 0 0 0 0
10 0 0 3 0 0 0 0 0 0 3 0 3 1 0 0 0 0 0 0 0 0 0 0 0 0
11 0 0 0 0 0 0 0 0 0 1 0 0 0 0 3 0 0 0 0 0 3 0 0 0 0
12 0 0 3 0 0 0 0 3 0 3 0 0 0 1 0 0 0 0 0 0 0 0 0 0 1
13 0 0 0 0 0 3 0 0 0 0 1 0 0 0 3 0 3 0 0 0 1 1 1 1 0
14 0 0 1 0 0 0 0 0 0 3 0 0 0 0 0 0 0 0 0 0 0 0 0 0 0
15 0 0 0 0 0 0 0 0 0 0 0 0 0 0 0 0 3 0 0 0 0 0 0 0 0
16 0 0 0 0 1 0 0 0 0 0 0 0 0 0 0 0 1 0 0 0 0 0 0 0 3
17 0 0 3 0 0 0 3 0 0 0 0 0 0 3 0 1 0 0 3 0 0 0 0 0 0
18 0 0 0 0 0 0 0 0 0 0 0 0 0 0 0 0 0 0 1 0 0 0 0 0 1
19 0 0 0 0 0 0 3 0 0 0 0 0 0 0 0 0 0 3 0 0 0 0 0 0 0
20 0 0 0 0 0 1 0 1 1 0 0 0 0 1 0 0 0 0 0 1 1 0 3 0 0
21 0 0 0 3 0 0 0 0 0 0 0 0 0 0 0 0 0 0 0 0 0 0 0 0 0
22 1 3 0 1 1 0 0 0 0 0 0 1 0 0 0 0 0 0 3 0 3 0 0 0 0
23 0 0 0 0 0 0 3 0 0 3 0 0 0 0 0 1 0 0 1 0 0 0 0 0 1
24 0 0 0 0 3 0 1 0 1 0 3 0 0 0 0 0 0 0 3 1 0 0 0 0 0
